11217
10583
10038
10010
10004
10010
11222
10004
10004
11222
10004
11237
10038
10004
11222
19382
10038
10010
10018
10010
11237
11432
10004
11222
11237
10031
10031
11201
10004
10004
10004
10004
10004
10004
10004
10004
10004
10004
10004
10004
10004
10004
10004
10004
10004
10004
10004
10004
10004
10004
10004
10004
10004
10004
10004
10004
10004
10004
10003
10028
10451
10452
10451
19102
10038
10031
10031
10452
10451
10004
10000
10031
10452
10031
10451
10038
10004
10031
10004
11213
11213
11213
10003
11216
10031
10004
10031
10003
11201
10003
10031
10031
10031
10031
10003
11211
11211
10031
10031
10029
11226
10027
10011
11226
10011
10027
11211
11211
10038
10029
10009
10009
10007
10007
10016
10009
10009
10452
10029
10452
11201
10029
10029
11217
10451
10029
10451
10029
11213
10025
11213
11201
11226
11213
10004
10036
10036
10027
10027
11201
10463
10007
10003
10025
10007
11205
10036
10007
11216
11225
11221
10029
10456
11201
11212
11221
11226
11212
11206
10005
11239
11212
1230
11226
10453
10003
10451
11217
10451
11238
11226
10451
11225
10005
10451
10460
11212
10027
11226
10457
10452
10029
11216
10029
10456
10024
11225
